0.000000000000000000e+00 2.158674621582031250e+02 1.595125885009765625e+02 5.635486602783203125e+01 0.000000000000000000e+00
1.000000000000000000e+00 1.735837249755859375e+02 1.394999389648437500e+02 3.408375167846679688e+01 0.000000000000000000e+00
2.000000000000000000e+00 1.516180267333984375e+02 1.290071105957031250e+02 2.261091423034667969e+01 0.000000000000000000e+00
3.000000000000000000e+00 1.362910308837890625e+02 1.207423477172851562e+02 1.554877758026123047e+01 0.000000000000000000e+00
4.000000000000000000e+00 1.246447372436523438e+02 1.137172698974609375e+02 1.092680358886718750e+01 6.032480741851031780e-04
5.000000000000000000e+00 1.158961486816406250e+02 1.081041793823242188e+02 7.787925720214843750e+00 4.069111309945583344e-03
6.000000000000000000e+00 1.096978988647460938e+02 1.036806182861328125e+02 6.010540485382080078e+00 6.717849988490343094e-03
7.000000000000000000e+00 1.053011703491210938e+02 1.004346160888671875e+02 4.859630107879638672e+00 6.935803685337305069e-03
8.000000000000000000e+00 1.011030197143554688e+02 9.719485473632812500e+01 3.900533676147460938e+00 7.620130199939012527e-03
9.000000000000000000e+00 9.754516601562500000e+01 9.442186737060546875e+01 3.119060039520263672e+00 4.260584712028503418e-03
1.000000000000000000e+01 9.466426849365234375e+01 9.197708129882812500e+01 2.672474622726440430e+00 1.469509676098823547e-02
1.100000000000000000e+01 9.235856628417968750e+01 9.000977325439453125e+01 2.339758396148681641e+00 9.012398310005664825e-03
1.200000000000000000e+01 8.989971160888671875e+01 8.776091003417968750e+01 2.115588426589965820e+00 2.321082353591918945e-02
1.300000000000000000e+01 8.709626770019531250e+01 8.541857910156250000e+01 1.670426487922668457e+00 7.208993658423423767e-03
1.400000000000000000e+01 8.505021667480468750e+01 8.353290557861328125e+01 1.503371119499206543e+00 1.393859460949897766e-02
1.500000000000000000e+01 8.333656311035156250e+01 8.186400604248046875e+01 1.438526630401611328e+00 3.407791629433631897e-02
1.600000000000000000e+01 8.092580413818359375e+01 7.978451538085937500e+01 1.135654807090759277e+00 5.628015846014022827e-03
1.700000000000000000e+01 7.897871398925781250e+01 7.794217681884765625e+01 1.019990324974060059e+00 1.649631746113300323e-02
1.800000000000000000e+01 7.773453521728515625e+01 7.660537719726562500e+01 1.077666044235229492e+00 5.145556107163429260e-02
1.900000000000000000e+01 7.648763275146484375e+01 7.535246276855468750e+01 1.070373415946960449e+00 6.486807018518447876e-02
2.000000000000000000e+01 7.426765441894531250e+01 7.341213226318359375e+01 8.187155723571777344e-01 3.679270297288894653e-02
2.100000000000000000e+01 7.274880218505859375e+01 7.195059204101562500e+01 7.574527859687805176e-01 4.073282331228256226e-02
2.200000000000000000e+01 7.118531799316406250e+01 7.046730804443359375e+01 6.688535213470458984e-01 4.914395138621330261e-02
2.300000000000000000e+01 6.973580932617187500e+01 6.906704711914062500e+01 6.039233207702636719e-01 6.484697759151458740e-02
2.400000000000000000e+01 6.884884643554687500e+01 6.794425201416015625e+01 7.247207164764404297e-01 1.799080222845077515e-01
2.500000000000000000e+01 6.768003082275390625e+01 6.677801513671875000e+01 6.821365356445312500e-01 2.198616415262222290e-01
2.600000000000000000e+01 6.591249847412109375e+01 6.523334503173828125e+01 5.086784958839416504e-01 1.704829484224319458e-01
2.700000000000000000e+01 6.455064392089843750e+01 6.390597152709960938e+01 4.656579494476318359e-01 1.790140271186828613e-01
2.800000000000000000e+01 6.379029083251953125e+01 6.301387786865234375e+01 4.891161024570465088e-01 2.872903645038604736e-01
2.900000000000000000e+01 6.251222610473632812e+01 6.183874511718750000e+01 4.083791971206665039e-01 2.650796771049499512e-01
3.000000000000000000e+01 6.130339431762695312e+01 6.070527648925781250e+01 3.449532985687255859e-01 2.531395256519317627e-01
3.100000000000000000e+01 6.051836395263671875e+01 5.985602569580078125e+01 3.149446845054626465e-01 3.473862111568450928e-01
3.200000000000000000e+01 5.936347579956054688e+01 5.872092819213867188e+01 3.301424980163574219e-01 3.124325573444366455e-01
3.300000000000000000e+01 5.837427902221679688e+01 5.776083374023437500e+01 2.774668037891387939e-01 3.360015749931335449e-01
3.400000000000000000e+01 5.790980529785156250e+01 5.714413070678710938e+01 3.065231740474700928e-01 4.591439366340637207e-01
3.500000000000000000e+01 5.667486572265625000e+01 5.603091812133789062e+01 2.450600415468215942e-01 3.988905251026153564e-01
3.600000000000000000e+01 5.608042907714843750e+01 5.525416564941406250e+01 3.328402042388916016e-01 4.934084117412567139e-01
3.700000000000000000e+01 5.508229446411132812e+01 5.443862533569335938e+01 2.250921279191970825e-01 4.185850620269775391e-01
3.800000000000000000e+01 5.429734420776367188e+01 5.362549209594726562e+01 2.093184888362884521e-01 4.625528454780578613e-01
3.900000000000000000e+01 5.371226501464843750e+01 5.295247650146484375e+01 2.461837232112884521e-01 5.135966539382934570e-01
4.000000000000000000e+01 5.270886230468750000e+01 5.202047729492187500e+01 2.027432173490524292e-01 4.856305122375488281e-01
4.100000000000000000e+01 5.182111740112304688e+01 5.118315887451171875e+01 2.009509652853012085e-01 4.370165169239044189e-01
4.200000000000000000e+01 5.186478424072265625e+01 5.089799499511718750e+01 2.482059746980667114e-01 7.186049818992614746e-01
4.300000000000000000e+01 5.087775802612304688e+01 5.011696243286132812e+01 2.084913104772567749e-01 5.522873401641845703e-01
4.400000000000000000e+01 5.023066329956054688e+01 4.943602371215820312e+01 2.034416049718856812e-01 5.912045240402221680e-01
4.500000000000000000e+01 4.945527648925781250e+01 4.871293640136718750e+01 2.149363160133361816e-01 5.273970365524291992e-01
4.600000000000000000e+01 4.857334136962890625e+01 4.791240692138671875e+01 1.793729364871978760e-01 4.815706610679626465e-01
4.700000000000000000e+01 4.866576004028320312e+01 4.764617156982421875e+01 2.542153596878051758e-01 7.653613686561584473e-01
4.800000000000000000e+01 4.763444519042968750e+01 4.677363204956054688e+01 2.533589303493499756e-01 6.074335575103759766e-01
4.900000000000000000e+01 4.673318099975585938e+01 4.599488830566406250e+01 1.801512092351913452e-01 5.581390261650085449e-01
5.000000000000000000e+01 4.575829315185546875e+01 4.511521148681640625e+01 1.592609286308288574e-01 4.838247001171112061e-01
5.100000000000000000e+01 4.504473495483398438e+01 4.443511581420898438e+01 1.601814776659011841e-01 4.494375884532928467e-01
5.200000000000000000e+01 4.497430801391601562e+01 4.413246917724609375e+01 1.608116924762725830e-01 6.810053586959838867e-01
5.300000000000000000e+01 4.449284362792968750e+01 4.364974212646484375e+01 1.687568128108978271e-01 6.743537187576293945e-01
5.400000000000000000e+01 4.365036773681640625e+01 4.294453811645507812e+01 1.543082445859909058e-01 5.515102148056030273e-01
5.500000000000000000e+01 4.350310134887695312e+01 4.256778717041015625e+01 2.151508033275604248e-01 7.201399803161621094e-01
5.600000000000000000e+01 4.261009216308593750e+01 4.183855438232421875e+01 1.604666262865066528e-01 6.110857725143432617e-01
5.700000000000000000e+01 4.170946121215820312e+01 4.105995941162109375e+01 1.444315314292907715e-01 5.050637722015380859e-01
5.800000000000000000e+01 4.126869201660156250e+01 4.056497955322265625e+01 1.429320871829986572e-01 5.607747435569763184e-01
5.900000000000000000e+01 4.085354232788085938e+01 4.008776473999023438e+01 1.486612707376480103e-01 6.171211600303649902e-01
6.000000000000000000e+01 4.004643630981445312e+01 3.938781356811523438e+01 1.416856199502944946e-01 5.169293880462646484e-01
6.100000000000000000e+01 3.978973770141601562e+01 3.897871398925781250e+01 1.390791684389114380e-01 6.719629168510437012e-01
6.200000000000000000e+01 3.920671844482421875e+01 3.842604827880859375e+01 1.435185968875885010e-01 6.371294856071472168e-01
6.300000000000000000e+01 3.853284454345703125e+01 3.784407424926757812e+01 1.348208189010620117e-01 5.539571642875671387e-01
6.400000000000000000e+01 3.797801971435546875e+01 3.733104324340820312e+01 1.360075473785400391e-01 5.109769105911254883e-01
6.500000000000000000e+01 3.762717819213867188e+01 3.685503005981445312e+01 1.492338478565216064e-01 6.229277253150939941e-01
6.600000000000000000e+01 3.711929321289062500e+01 3.630969619750976562e+01 2.138770669698715210e-01 5.957166552543640137e-01
6.700000000000000000e+01 3.662182617187500000e+01 3.586632537841796875e+01 1.338556706905364990e-01 6.216666102409362793e-01
6.800000000000000000e+01 3.639413070678710938e+01 3.552713394165039062e+01 1.373312771320343018e-01 7.296668291091918945e-01
6.900000000000000000e+01 3.546865844726562500e+01 3.484845352172851562e+01 1.272792071104049683e-01 4.929289221763610840e-01
7.000000000000000000e+01 3.535887908935546875e+01 3.443152618408203125e+01 1.311900168657302856e-01 7.961574196815490723e-01
7.100000000000000000e+01 3.487839889526367188e+01 3.416067886352539062e+01 1.276442557573318481e-01 5.900899171829223633e-01
7.200000000000000000e+01 3.389841461181640625e+01 3.328614425659179688e+01 1.288060098886489868e-01 4.834471046924591064e-01
7.300000000000000000e+01 3.399262237548828125e+01 3.314660644531250000e+01 1.739703267812728882e-01 6.720461845397949219e-01
7.400000000000000000e+01 3.319975280761718750e+01 3.250361633300781250e+01 1.559383273124694824e-01 5.402002930641174316e-01
7.500000000000000000e+01 3.267985916137695312e+01 3.198645782470703125e+01 1.249749809503555298e-01 5.684257149696350098e-01
7.600000000000000000e+01 3.255370330810546875e+01 3.175986289978027344e+01 1.252350360155105591e-01 6.686105132102966309e-01
7.700000000000000000e+01 3.162226104736328125e+01 3.100527000427246094e+01 1.254898756742477417e-01 4.915135204792022705e-01
7.800000000000000000e+01 3.176243972778320312e+01 3.092912101745605469e+01 1.280811131000518799e-01 7.052249312400817871e-01
7.900000000000000000e+01 3.115560340881347656e+01 3.041710281372070312e+01 1.219283640384674072e-01 6.165582537651062012e-01
8.000000000000000000e+01 3.078416442871093750e+01 3.003768348693847656e+01 1.233479529619216919e-01 6.231262087821960449e-01
8.100000000000000000e+01 3.034289932250976562e+01 2.959796142578125000e+01 1.222918853163719177e-01 6.226179599761962891e-01
8.200000000000000000e+01 2.988735961914062500e+01 2.914368057250976562e+01 1.213955432176589966e-01 6.222972273826599121e-01
8.300000000000000000e+01 2.909650611877441406e+01 2.847038078308105469e+01 1.389537900686264038e-01 4.871587157249450684e-01
8.400000000000000000e+01 2.910545921325683594e+01 2.833281326293945312e+01 1.222811266779899597e-01 6.503750085830688477e-01
8.500000000000000000e+01 2.900646209716796875e+01 2.817890548706054688e+01 1.211836189031600952e-01 7.063583135604858398e-01
8.600000000000000000e+01 2.823492813110351562e+01 2.755093574523925781e+01 1.200562864542007446e-01 5.639304518699645996e-01
8.700000000000000000e+01 2.857559013366699219e+01 2.765121269226074219e+01 1.386982649564743042e-01 7.856795191764831543e-01
8.800000000000000000e+01 2.758321762084960938e+01 2.689106559753417969e+01 1.202909797430038452e-01 5.718569755554199219e-01
8.900000000000000000e+01 2.696482658386230469e+01 2.637331962585449219e+01 1.179463341832160950e-01 4.735481739044189453e-01
9.000000000000000000e+01 2.673919677734375000e+01 2.601040077209472656e+01 1.215923577547073364e-01 6.072064638137817383e-01
9.100000000000000000e+01 2.673890876770019531e+01 2.593660354614257812e+01 1.179930716753005981e-01 6.843208074569702148e-01
9.200000000000000000e+01 2.590237617492675781e+01 2.528556251525878906e+01 1.164434924721717834e-01 5.003753304481506348e-01
9.300000000000000000e+01 2.574204635620117188e+01 2.512599182128906250e+01 1.173301339149475098e-01 4.987367391586303711e-01
9.400000000000000000e+01 2.561517143249511719e+01 2.478504371643066406e+01 1.459478586912155151e-01 6.841829419136047363e-01
9.500000000000000000e+01 2.523800468444824219e+01 2.457995223999023438e+01 1.202293187379837036e-01 5.378238558769226074e-01
9.600000000000000000e+01 2.511791038513183594e+01 2.436975097656250000e+01 1.404337882995605469e-01 6.077238321304321289e-01
9.700000000000000000e+01 2.478194427490234375e+01 2.403722381591796875e+01 1.488831490278244019e-01 5.958256125450134277e-01
9.800000000000000000e+01 2.407013320922851562e+01 2.343269729614257812e+01 1.147044673562049866e-01 5.227298140525817871e-01
9.900000000000000000e+01 2.418067550659179688e+01 2.336538696289062500e+01 1.180691793560981750e-01 6.972124576568603516e-01
1.000000000000000000e+02 2.396000099182128906e+01 2.324523353576660156e+01 1.142707243561744690e-01 6.004946827888488770e-01
1.010000000000000000e+02 2.388455581665039062e+01 2.304350090026855469e+01 1.567549556493759155e-01 6.843135356903076172e-01
1.020000000000000000e+02 2.312292289733886719e+01 2.247939300537109375e+01 1.184139549732208252e-01 5.251132249832153320e-01
1.030000000000000000e+02 2.332347488403320312e+01 2.252884674072265625e+01 1.138162836432456970e-01 6.808198094367980957e-01
1.040000000000000000e+02 2.300873184204101562e+01 2.224538803100585938e+01 1.135866791009902954e-01 6.497571468353271484e-01
1.050000000000000000e+02 2.257555961608886719e+01 2.191385269165039062e+01 1.140984743833541870e-01 5.476146936416625977e-01
1.060000000000000000e+02 2.225601196289062500e+01 2.155253410339355469e+01 1.149528622627258301e-01 5.885329246520996094e-01
1.070000000000000000e+02 2.190485382080078125e+01 2.134321022033691406e+01 1.137238517403602600e-01 4.479183256626129150e-01
1.080000000000000000e+02 2.163413429260253906e+01 2.104918479919433594e+01 1.128883808851242065e-01 4.720725715160369873e-01
1.090000000000000000e+02 2.119359397888183594e+01 2.060267066955566406e+01 1.144208684563636780e-01 4.764876663684844971e-01
1.100000000000000000e+02 2.080917739868164062e+01 2.026366806030273438e+01 1.129172444343566895e-01 4.325913786888122559e-01
1.110000000000000000e+02 2.050307846069335938e+01 1.996908950805664062e+01 1.127590388059616089e-01 4.212298989295959473e-01
1.120000000000000000e+02 2.034984588623046875e+01 1.979473686218261719e+01 1.168471202254295349e-01 4.382675588130950928e-01
1.130000000000000000e+02 2.035667228698730469e+01 1.973173332214355469e+01 1.114476695656776428e-01 5.134900212287902832e-01
1.140000000000000000e+02 1.991903877258300781e+01 1.942231178283691406e+01 1.135591492056846619e-01 3.831704556941986084e-01
1.150000000000000000e+02 1.980667877197265625e+01 1.919549369812011719e+01 1.118009090423583984e-01 4.993824958801269531e-01
1.160000000000000000e+02 2.013763236999511719e+01 1.939155006408691406e+01 1.127933561801910400e-01 6.332896947860717773e-01
1.170000000000000000e+02 1.985331344604492188e+01 1.917582130432128906e+01 1.159155964851379395e-01 5.615696310997009277e-01
1.180000000000000000e+02 2.009390830993652344e+01 1.923350906372070312e+01 1.168686673045158386e-01 7.435255646705627441e-01
1.190000000000000000e+02 1.919021987915039062e+01 1.859574317932128906e+01 1.117128133773803711e-01 4.827786684036254883e-01
1.200000000000000000e+02 1.917657852172851562e+01 1.860430145263671875e+01 1.120081394910812378e-01 4.602702558040618896e-01
1.210000000000000000e+02 1.863917541503906250e+01 1.811345100402832031e+01 1.113761812448501587e-01 4.143527448177337646e-01
1.220000000000000000e+02 1.896638488769531250e+01 1.831642532348632812e+01 1.122329831123352051e-01 5.377187132835388184e-01
1.230000000000000000e+02 1.842591857910156250e+01 1.783879852294921875e+01 1.115931048989295959e-01 4.755195975303649902e-01
1.240000000000000000e+02 1.868417930603027344e+01 1.788746643066406250e+01 1.130592972040176392e-01 6.836614012718200684e-01
1.250000000000000000e+02 1.857425308227539062e+01 1.792955207824707031e+01 1.111683920025825500e-01 5.335471034049987793e-01
1.260000000000000000e+02 1.810702514648437500e+01 1.745956993103027344e+01 1.299059987068176270e-01 5.175537467002868652e-01
1.270000000000000000e+02 1.793459129333496094e+01 1.727147483825683594e+01 1.118475720286369324e-01 5.512696504592895508e-01
1.280000000000000000e+02 1.794394111633300781e+01 1.733794593811035156e+01 1.130830347537994385e-01 4.929139018058776855e-01
1.290000000000000000e+02 1.749029159545898438e+01 1.693696784973144531e+01 1.112798675894737244e-01 4.420517683029174805e-01
1.300000000000000000e+02 1.746110725402832031e+01 1.685152435302734375e+01 1.120146960020065308e-01 4.975644350051879883e-01
1.310000000000000000e+02 1.774044227600097656e+01 1.702287483215332031e+01 1.154993027448654175e-01 6.020678877830505371e-01
1.320000000000000000e+02 1.748005867004394531e+01 1.679238891601562500e+01 1.132320761680603027e-01 5.744350552558898926e-01
1.330000000000000000e+02 1.740094947814941406e+01 1.681923103332519531e+01 1.103338077664375305e-01 4.713743329048156738e-01
1.340000000000000000e+02 1.692506980895996094e+01 1.634246826171875000e+01 1.129946634173393250e-01 4.696092903614044189e-01
1.350000000000000000e+02 1.699102592468261719e+01 1.632214164733886719e+01 1.103570535778999329e-01 5.585258007049560547e-01
1.360000000000000000e+02 1.687071418762207031e+01 1.628093910217285156e+01 1.110212802886962891e-01 4.787530303001403809e-01
1.370000000000000000e+02 1.670660018920898438e+01 1.610069274902343750e+01 1.122966855764389038e-01 4.936158061027526855e-01
1.380000000000000000e+02 1.659138107299804688e+01 1.601838302612304688e+01 1.098451092839241028e-01 4.631540179252624512e-01
1.390000000000000000e+02 1.634931373596191406e+01 1.581628417968750000e+01 1.103805527091026306e-01 4.226504266262054443e-01
1.400000000000000000e+02 1.628179168701171875e+01 1.575590324401855469e+01 1.105067953467369080e-01 4.153895974159240723e-01
1.410000000000000000e+02 1.646380233764648438e+01 1.576231288909912109e+01 1.795277446508407593e-01 5.219601988792419434e-01
1.420000000000000000e+02 1.588316726684570312e+01 1.536391448974609375e+01 1.099947392940521240e-01 4.092545509338378906e-01
1.430000000000000000e+02 1.598391914367675781e+01 1.527970123291015625e+01 1.110392138361930847e-01 5.931769013404846191e-01
1.440000000000000000e+02 1.568288993835449219e+01 1.508893680572509766e+01 1.119812801480293274e-01 4.819772839546203613e-01
1.450000000000000000e+02 1.707708930969238281e+01 1.618227767944335938e+01 1.111075431108474731e-01 7.836927771568298340e-01
1.460000000000000000e+02 1.537974452972412109e+01 1.494655227661132812e+01 1.104937568306922913e-01 3.226991593837738037e-01
1.470000000000000000e+02 1.557785892486572266e+01 1.506823158264160156e+01 1.102762222290039062e-01 3.993585109710693359e-01
1.480000000000000000e+02 1.521652317047119141e+01 1.475969409942626953e+01 1.102296411991119385e-01 3.465946614742279053e-01
1.490000000000000000e+02 1.504458236694335938e+01 1.454664325714111328e+01 1.108176261186599731e-01 3.871141374111175537e-01
1.500000000000000000e+02 1.488944339752197266e+01 1.439857959747314453e+01 1.101830154657363892e-01 3.806862533092498779e-01
1.510000000000000000e+02 1.551354885101318359e+01 1.485543632507324219e+01 1.103270053863525391e-01 5.477917790412902832e-01
1.520000000000000000e+02 1.535790920257568359e+01 1.474557113647460938e+01 1.110858917236328125e-01 5.012537240982055664e-01
1.530000000000000000e+02 1.522383022308349609e+01 1.463990974426269531e+01 1.094952300190925598e-01 4.744242727756500244e-01
1.540000000000000000e+02 1.516094875335693359e+01 1.460865688323974609e+01 1.106377243995666504e-01 4.416560530662536621e-01
1.550000000000000000e+02 1.510695171356201172e+01 1.452005100250244141e+01 1.101488620042800903e-01 4.767490029335021973e-01
1.560000000000000000e+02 1.443986892700195312e+01 1.391718006134033203e+01 1.107745841145515442e-01 4.119112789630889893e-01
1.570000000000000000e+02 1.437326812744140625e+01 1.374619102478027344e+01 1.109222918748855591e-01 5.161594748497009277e-01
1.580000000000000000e+02 1.459945297241210938e+01 1.407599544525146484e+01 1.101946532726287842e-01 4.132562875747680664e-01
1.590000000000000000e+02 1.516954612731933594e+01 1.440804958343505859e+01 1.182696521282196045e-01 6.432210206985473633e-01
1.600000000000000000e+02 1.428614902496337891e+01 1.382450675964355469e+01 1.109164580702781677e-01 3.507294058799743652e-01
1.610000000000000000e+02 1.457629776000976562e+01 1.389496231079101562e+01 1.109017282724380493e-01 5.704340934753417969e-01
1.620000000000000000e+02 1.414741325378417969e+01 1.352168941497802734e+01 1.097468733787536621e-01 5.159814357757568359e-01
1.630000000000000000e+02 1.400304412841796875e+01 1.341530609130859375e+01 1.106915548443794250e-01 4.770440459251403809e-01
1.640000000000000000e+02 1.408739280700683594e+01 1.364453697204589844e+01 1.101622655987739563e-01 3.326947093009948730e-01
1.650000000000000000e+02 1.419344520568847656e+01 1.359194564819335938e+01 1.308661401271820068e-01 4.706328809261322021e-01
1.660000000000000000e+02 1.414317226409912109e+01 1.356351661682128906e+01 1.092857420444488525e-01 4.703644216060638428e-01
1.670000000000000000e+02 1.431493473052978516e+01 1.370990467071533203e+01 1.102596968412399292e-01 4.947743713855743408e-01
1.680000000000000000e+02 1.395774745941162109e+01 1.346176433563232422e+01 1.093720868229866028e-01 3.866062760353088379e-01
1.690000000000000000e+02 1.355842018127441406e+01 1.313940143585205078e+01 1.104078590869903564e-01 3.086164593696594238e-01
1.700000000000000000e+02 1.349052047729492188e+01 1.294330596923828125e+01 1.099802255630493164e-01 4.372362196445465088e-01
1.710000000000000000e+02 1.368578433990478516e+01 1.313940238952636719e+01 1.283098012208938599e-01 4.180716872215270996e-01
1.720000000000000000e+02 1.346254539489746094e+01 1.304659271240234375e+01 1.097207367420196533e-01 3.062343597412109375e-01
1.730000000000000000e+02 1.428836631774902344e+01 1.355697631835937500e+01 1.108411550521850586e-01 6.205528378486633301e-01
1.740000000000000000e+02 1.374332046508789062e+01 1.314566135406494141e+01 1.092063859105110168e-01 4.884594082832336426e-01
1.750000000000000000e+02 1.355532169342041016e+01 1.297817420959472656e+01 1.099342629313468933e-01 4.672198593616485596e-01
1.760000000000000000e+02 1.342948913574218750e+01 1.284729099273681641e+01 1.102167218923568726e-01 4.719894826412200928e-01
1.770000000000000000e+02 1.381083393096923828e+01 1.318477630615234375e+01 1.100849434733390808e-01 5.159742832183837891e-01
1.780000000000000000e+02 1.321480178833007812e+01 1.269490528106689453e+01 1.172852665185928345e-01 4.026128053665161133e-01
1.790000000000000000e+02 1.285056495666503906e+01 1.236575984954833984e+01 1.094950586557388306e-01 3.753106296062469482e-01
1.800000000000000000e+02 1.349219131469726562e+01 1.297641754150390625e+01 1.092835143208503723e-01 4.064970016479492188e-01
1.810000000000000000e+02 1.359173965454101562e+01 1.305703353881835938e+01 1.106276884675025940e-01 4.240745902061462402e-01
1.820000000000000000e+02 1.288554573059082031e+01 1.246493625640869141e+01 1.101061329245567322e-01 3.105069696903228760e-01
1.830000000000000000e+02 1.306129360198974609e+01 1.252778530120849609e+01 1.091289445757865906e-01 4.243805706501007080e-01
1.840000000000000000e+02 1.346492671966552734e+01 1.295539379119873047e+01 1.099840030074119568e-01 3.995451033115386963e-01
1.850000000000000000e+02 1.314037418365478516e+01 1.255749320983886719e+01 1.193765848875045776e-01 4.635016322135925293e-01
1.860000000000000000e+02 1.303033161163330078e+01 1.238451957702636719e+01 1.108522340655326843e-01 5.349619388580322266e-01
1.870000000000000000e+02 1.293742942810058594e+01 1.245535087585449219e+01 1.088391989469528198e-01 3.732372522354125977e-01
1.880000000000000000e+02 1.298001384735107422e+01 1.251820945739746094e+01 1.099176481366157532e-01 3.518913984298706055e-01
1.890000000000000000e+02 1.280729484558105469e+01 1.233472633361816406e+01 1.104903146624565125e-01 3.620837628841400146e-01
1.900000000000000000e+02 1.291289806365966797e+01 1.239472007751464844e+01 1.097237542271614075e-01 4.084539413452148438e-01
1.910000000000000000e+02 1.259685325622558594e+01 1.220747280120849609e+01 1.098948642611503601e-01 2.794854342937469482e-01
1.920000000000000000e+02 1.255786418914794922e+01 1.212511539459228516e+01 1.094285696744918823e-01 3.233149051666259766e-01
1.930000000000000000e+02 1.249813747406005859e+01 1.201066398620605469e+01 1.086543276906013489e-01 3.788149654865264893e-01
1.940000000000000000e+02 1.294593906402587891e+01 1.242772674560546875e+01 1.099000573158264160e-01 4.083162248134613037e-01
1.950000000000000000e+02 1.208672142028808594e+01 1.170357513427734375e+01 1.098063737154006958e-01 2.733336687088012695e-01
1.960000000000000000e+02 1.240023040771484375e+01 1.188878345489501953e+01 1.100184246897697449e-01 4.014301002025604248e-01
1.970000000000000000e+02 1.233548164367675781e+01 1.183605670928955078e+01 1.103341132402420044e-01 3.890943825244903564e-01
1.980000000000000000e+02 1.329521942138671875e+01 1.268124103546142578e+01 1.089112088084220886e-01 5.050569176673889160e-01
1.990000000000000000e+02 1.258340644836425781e+01 1.215861892700195312e+01 1.095613911747932434e-01 3.152271807193756104e-01
2.000000000000000000e+02 1.195136165618896484e+01 1.164337444305419922e+01 1.100020185112953186e-01 1.979816854000091553e-01
2.010000000000000000e+02 1.244188976287841797e+01 1.188203239440917969e+01 1.538786441087722778e-01 4.059807658195495605e-01
2.020000000000000000e+02 1.248188495635986328e+01 1.193167018890380859e+01 1.098923832178115845e-01 4.403172135353088379e-01
2.030000000000000000e+02 1.276021194458007812e+01 1.210384845733642578e+01 1.099296212196350098e-01 5.464318394660949707e-01
2.040000000000000000e+02 1.291928005218505859e+01 1.238654422760009766e+01 1.092351824045181274e-01 4.235115945339202881e-01
2.050000000000000000e+02 1.253255271911621094e+01 1.200699520111083984e+01 1.103252023458480835e-01 4.152241945266723633e-01
2.060000000000000000e+02 1.264620780944824219e+01 1.211430454254150391e+01 1.094168722629547119e-01 4.224824309349060059e-01
2.070000000000000000e+02 1.268387508392333984e+01 1.210587120056152344e+01 1.124158948659896851e-01 4.655840992927551270e-01
2.080000000000000000e+02 1.242248821258544922e+01 1.189694309234619141e+01 1.106776446104049683e-01 4.148674309253692627e-01
2.090000000000000000e+02 1.192789745330810547e+01 1.161155891418457031e+01 1.087675690650939941e-01 2.075785249471664429e-01
2.100000000000000000e+02 1.260129356384277344e+01 1.200344467163085938e+01 1.099410355091094971e-01 4.879085123538970947e-01
2.110000000000000000e+02 1.228460311889648438e+01 1.188820743560791016e+01 1.104117780923843384e-01 2.859801352024078369e-01
2.120000000000000000e+02 1.195435523986816406e+01 1.154662036895751953e+01 1.088801026344299316e-01 2.988523840904235840e-01
2.130000000000000000e+02 1.241750717163085938e+01 1.187413120269775391e+01 1.095479652285575867e-01 4.338253736495971680e-01
2.140000000000000000e+02 1.176274013519287109e+01 1.136724281311035156e+01 1.099175214767456055e-01 2.855753004550933838e-01
2.150000000000000000e+02 1.200336074829101562e+01 1.162167167663574219e+01 1.096507683396339417e-01 2.720432579517364502e-01
2.160000000000000000e+02 1.204573726654052734e+01 1.152624034881591797e+01 1.089278757572174072e-01 4.105690121650695801e-01
2.170000000000000000e+02 1.228242206573486328e+01 1.174118328094482422e+01 1.104744672775268555e-01 4.307650923728942871e-01
2.180000000000000000e+02 1.181561565399169922e+01 1.132471466064453125e+01 1.097589954733848572e-01 3.811486363410949707e-01
2.190000000000000000e+02 1.172409248352050781e+01 1.129084777832031250e+01 1.099620461463928223e-01 3.232881724834442139e-01
2.200000000000000000e+02 1.206773090362548828e+01 1.152463340759277344e+01 1.091743186116218567e-01 4.339197874069213867e-01
2.210000000000000000e+02 1.215071773529052734e+01 1.163920783996582031e+01 1.107720658183097839e-01 4.007420241832733154e-01
2.220000000000000000e+02 1.147361660003662109e+01 1.112902545928955078e+01 1.096591204404830933e-01 2.349386513233184814e-01
2.230000000000000000e+02 1.196308517456054688e+01 1.140213298797607422e+01 1.106742098927497864e-01 4.502711594104766846e-01
2.240000000000000000e+02 1.152432632446289062e+01 1.113329410552978516e+01 1.091531142592430115e-01 2.818802297115325928e-01
2.250000000000000000e+02 1.197027587890625000e+01 1.144192600250244141e+01 1.093566790223121643e-01 4.189910590648651123e-01
2.260000000000000000e+02 1.176333618164062500e+01 1.132280921936035156e+01 1.100809350609779358e-01 3.304467797279357910e-01
2.270000000000000000e+02 1.175471973419189453e+01 1.133660125732421875e+01 1.096820756793022156e-01 3.084369301795959473e-01
2.280000000000000000e+02 1.174160766601562500e+01 1.128196811676025391e+01 1.087696403264999390e-01 3.508689105510711670e-01
2.290000000000000000e+02 1.191481590270996094e+01 1.142237854003906250e+01 1.110208258032798767e-01 3.814164400100708008e-01
2.300000000000000000e+02 1.168770599365234375e+01 1.121449947357177734e+01 1.099151521921157837e-01 3.632888793945312500e-01
2.310000000000000000e+02 1.157367610931396484e+01 1.116786670684814453e+01 1.092763096094131470e-01 2.965277433395385742e-01
2.320000000000000000e+02 1.141356182098388672e+01 1.101194763183593750e+01 1.095038577914237976e-01 2.921152710914611816e-01
2.330000000000000000e+02 1.170643711090087891e+01 1.120185375213623047e+01 1.099316403269767761e-01 3.946642279624938965e-01
2.340000000000000000e+02 1.169428634643554688e+01 1.120025253295898438e+01 1.095103770494461060e-01 3.845234811305999756e-01
2.350000000000000000e+02 1.180397701263427734e+01 1.125849342346191406e+01 1.095261052250862122e-01 4.359587728977203369e-01
2.360000000000000000e+02 1.157872772216796875e+01 1.108496952056884766e+01 1.120707765221595764e-01 3.816872537136077881e-01
2.370000000000000000e+02 1.216771507263183594e+01 1.166969490051269531e+01 1.101129502058029175e-01 3.879046142101287842e-01
2.380000000000000000e+02 1.162527656555175781e+01 1.116850376129150391e+01 1.085387319326400757e-01 3.482326567173004150e-01
2.390000000000000000e+02 1.127938747406005859e+01 1.091312217712402344e+01 1.102474853396415710e-01 2.560207843780517578e-01
2.400000000000000000e+02 1.170460224151611328e+01 1.129561710357666016e+01 1.098185852169990540e-01 2.991647720336914062e-01
2.410000000000000000e+02 1.154182147979736328e+01 1.112249374389648438e+01 1.106176823377609253e-01 3.087159991264343262e-01
2.420000000000000000e+02 1.124256324768066406e+01 1.080760955810546875e+01 1.098617315292358398e-01 3.250908553600311279e-01
2.430000000000000000e+02 1.115476131439208984e+01 1.076885414123535156e+01 1.092421486973762512e-01 2.766660451889038086e-01
2.440000000000000000e+02 1.107240581512451172e+01 1.071045017242431641e+01 1.100222617387771606e-01 2.519372403621673584e-01
2.450000000000000000e+02 1.159748363494873047e+01 1.109623718261718750e+01 1.095425337553024292e-01 3.917010426521301270e-01
2.460000000000000000e+02 1.173733520507812500e+01 1.124636459350585938e+01 1.103217676281929016e-01 3.806441128253936768e-01
2.470000000000000000e+02 1.123624324798583984e+01 1.080572223663330078e+01 1.095854490995407104e-01 3.209404349327087402e-01
2.480000000000000000e+02 1.125533390045166016e+01 1.089127922058105469e+01 1.098995134234428406e-01 2.541513741016387939e-01
2.490000000000000000e+02 1.113211250305175781e+01 1.073787021636962891e+01 1.092373877763748169e-01 2.849974632263183594e-01
2.500000000000000000e+02 1.130689811706542969e+01 1.082402706146240234e+01 1.096297428011894226e-01 3.732431828975677490e-01
2.510000000000000000e+02 1.183919048309326172e+01 1.128810596466064453e+01 1.167221888899803162e-01 4.343605637550354004e-01
